<?xml version="1.0"?>
<opencv_storage>
<calibration_Time>"Wed Nov 13 13:01:48 2019"</calibration_Time>
<nrOfFrames>37</nrOfFrames>
<image_Width>640</image_Width>
<image_Height>480</image_Height>
<board_Width>8</board_Width>
<board_Height>5</board_Height>
<square_Size>30.</square_Size>
<FixAspectRatio>1.</FixAspectRatio>
<!-- flags:  +fix_aspectRatio +fix_principal_point +zero_tangent_dist -->
<flagValue>14</flagValue>
<Camera_Matrix type_id="opencv-matrix">
  <rows>3</rows>
  <cols>3</cols>
  <dt>d</dt>
  <data>
    1.0448579490658537e+03 0. 320. 0. 1.0448579490658537e+03 240. 0. 0.
    1.</data></Camera_Matrix>
<Distortion_Coefficients type_id="opencv-matrix">
  <rows>5</rows>
  <cols>1</cols>
  <dt>d</dt>
  <data>
    1.5108761040846846e-01 -6.1645464477096268e-01 0. 0.
    7.8178854821520787e+00</data></Distortion_Coefficients>
<Avg_Reprojection_Error>3.8488034968337370e-01</Avg_Reprojection_Error>
<Per_View_Reprojection_Errors type_id="opencv-matrix">
  <rows>37</rows>
  <cols>1</cols>
  <dt>f</dt>
  <data>
    3.55768561e-01 8.91887784e-01 7.19991684e-01 5.21870553e-01
    6.06409907e-01 7.47202039e-01 6.65200353e-01 3.42667937e-01
    2.88174421e-01 2.16137543e-01 5.02328396e-01 2.89916992e-01
    1.82063058e-01 1.20856166e-01 2.45427832e-01 1.28788084e-01
    1.45024598e-01 1.38224646e-01 2.90827483e-01 4.81179148e-01
    3.27779889e-01 1.42895758e-01 1.76221818e-01 1.98681891e-01
    1.49746552e-01 1.55684024e-01 2.38749117e-01 2.34244362e-01
    3.00521612e-01 6.10351503e-01 3.65960121e-01 4.54308748e-01
    2.27715075e-01 1.82722628e-01 1.34252191e-01 2.23469198e-01
    1.48074731e-01</data></Per_View_Reprojection_Errors>
<!-- a set of 6-tuples (rotation vector + translation vector) for each view -->
<Extrinsic_Parameters type_id="opencv-matrix">
  <rows>37</rows>
  <cols>6</cols>
  <dt>d</dt>
  <data>
    -5.1321644095571259e-03 -4.4395530875353750e-02
    -2.0064712553818160e-02 -1.0227329894988405e+02
    -6.0036272913948913e+01 4.7800166512159836e+02
    3.6132663949049898e-01 8.0534488512008451e-02
    -2.1125233544147689e-02 -1.0804520320633344e+02
    -5.2121300317403268e+01 4.7569930452339611e+02
    5.8627237934168727e-02 3.3888464810230323e-01 2.6961381310250200e-02
    -1.1393195146096107e+02 -6.3638929586823139e+01
    5.0805743171058680e+02 -7.2658385525425336e-03
    -5.7329086510168803e-01 -1.3962124899881247e-02
    -7.6298084178909406e+01 -5.6170907254824243e+01
    4.6503488212429670e+02 7.0630626736445756e-01
    -9.2148036858621218e-02 -9.6012496535597212e-03
    -1.0023574435640788e+02 -4.1863594302526110e+01
    5.1976318743287402e+02 -4.8580982782745474e-01
    -1.9361275228422400e-01 8.3979394817151661e-03
    -9.8960286156670705e+01 -6.0742819336868230e+01
    5.1157799645366600e+02 -5.9396089990545831e-01
    -5.6860430473907397e-01 -3.5471951047448863e-01
    -9.2894163323302266e+01 -3.7166152646351684e+01
    4.5413478482619269e+02 -9.8204558979715556e-02
    -8.9917739640205263e-01 -1.1184954995810181e+00
    -3.2596729740467396e+01 5.5604227234844075e+01
    5.9380248929266349e+02 -7.5236865802406086e-02
    -1.6528997052079222e-01 -1.5923775501059785e+00
    -8.4870114388486098e+00 1.0006506401478461e+02
    6.9572194216289756e+02 5.3884155516713328e-01
    -4.6625908047231390e-01 -1.4509028970497382e+00
    2.0588659877806585e+01 1.0424834765226105e+02 6.8882434596375845e+02
    -4.4351209743293252e-01 4.2334859280322601e-01
    -1.5800009360820204e+00 4.2584957339145069e+00
    1.1208330928980908e+02 6.6988246744997957e+02
    -1.1960523481040123e-02 -1.7443348848757481e-01
    -3.7451496887038395e-02 -2.2773599659513064e+02
    -1.7634979066998233e+02 1.1190199538511108e+03
    5.7892276823618194e-02 -1.1015958097097077e-01
    1.4458824455609812e-02 3.2357860959498521e+00
    -1.7070787115418059e+02 1.0684414422377961e+03
    -5.8065928278259954e-03 -7.3393993989956718e-02
    9.1371078428627728e-03 3.0608651417013906e+01 6.2364953003731225e+00
    1.0715848600755387e+03 -6.0079208079019770e-03
    -1.6577896335989492e-01 -4.2161823506026583e-02
    -1.7696267328592432e+02 -1.6653915448855997e+01
    1.0536540418593715e+03 3.4603839386556652e-02
    -1.0632636566635194e-01 -4.5088551228535285e-02
    -5.8570786068207617e+01 -8.0990889648671228e+01
    1.0447332029549748e+03 -6.9754631561904146e-02
    -6.2864632507649576e-01 -9.2153727114263151e-01
    -9.7168418504133598e+00 4.3842988971482029e+01
    8.2442519067764988e+02 2.6619349112079749e-02
    -9.2054496750785697e-01 7.5025483088294622e-04
    -9.9687694772422986e+01 -8.2234412499700049e+00
    8.6239445886227179e+02 -5.6533113008736077e-02
    5.6884416448929220e-01 -1.1429758605438242e-03
    -1.7924325292207908e+02 7.7754915281254489e+00
    8.3311281935646809e+02 4.2293121629110841e-01 6.8942848439544047e-01
    2.4898072238487406e-01 -1.0574113954552210e+02
    -1.2896070124971268e+02 7.2439901157834424e+02
    -4.8039291038736370e-01 6.1429608136107383e-01
    -3.1197778088274543e-02 -7.5760036892988012e+01
    -9.9882419794325301e+00 7.9905246302255591e+02
    9.2333444065443498e-02 2.6459676546037824e-02 4.1835428039723198e-02
    -1.5402365840907115e+02 -7.0348180264163540e+00
    1.1940921262032032e+03 5.3397289036031415e-01 1.4033683900058869e-01
    -3.4874858213856358e-02 -5.3198766080001882e+01
    -5.2565530802370724e+01 1.2101485059106512e+03
    -5.3196091365409692e-01 2.9012463579595382e-01
    3.2137652695994098e-02 -9.7734514555444022e+01
    5.0735738835857290e+01 1.2945812795653062e+03
    -1.8205661781484836e-01 5.9553206220297872e-01
    1.4328542431143440e-01 -1.3787004586200570e+01
    -2.9066442116602197e+01 1.5577091348183210e+03
    -7.2546850078926847e-02 -7.7330954342879477e-01
    -2.5048047551507229e-02 -1.2156870549026397e+02
    -3.4656092390707684e+01 9.5575685872000577e+02
    -4.8786574413528100e-01 -6.1953615451191280e-01
    1.3178222475188720e-02 -2.0898753865443231e+02
    -1.9500076584370081e+01 9.6544865262430130e+02
    2.2686651609346026e-01 -6.4896059750785773e-01
    -3.3836385720164466e-02 -1.1560231856608821e+02
    -3.8253460674041918e+01 6.4363605677514875e+02
    -1.0907353736356647e-01 -6.1791503819718252e-01
    5.6161096412380163e-01 -5.3487763308718684e+01
    -9.6280165497381361e+01 6.8640895941499332e+02
    -3.3788465868584544e-01 -2.6160646129025161e-01
    -8.7858121582562218e-02 -8.1772198718684436e+01
    -7.3103245294950923e+01 6.7256647388614874e+02
    -3.4328481987407988e-01 -2.6455804442294889e-01
    -1.2335039278038298e-01 -6.0946312534950287e+01
    -5.9364318308283551e+01 6.7345697983492812e+02
    -4.4965433326490162e-01 2.8138817833415763e-02
    -2.8023319808188240e-02 -1.0068380337582708e+02
    -3.9819851605942063e+01 6.9452137729347203e+02
    -4.1012690508284218e-02 -7.7527242864012164e-02
    -1.8327692779642701e-02 -9.9888749593776751e+01
    -5.0541678818569068e+01 5.9375275845154829e+02
    -8.9506507047453804e-02 -7.6534790549010509e-02
    -2.5324215851828907e-01 -9.5477428631077601e+01
    -1.0850214134643156e+01 7.6913747558712066e+02
    -7.1075839656814549e-02 -1.1133593134922418e-01
    -6.5960963757182878e-01 -1.3156383134259690e+02
    1.4901510596192653e+01 7.6074568961276941e+02
    -1.1314240119108795e-01 -6.3183246135029181e-02
    -9.9013929959094915e-01 -9.6365276105683009e+01
    5.9331321064387389e+01 7.6858996647927086e+02
    -1.0334359236958930e-01 -4.4348353652801480e-02
    -1.5446932599477177e+00 -5.5919376577884705e+01
    9.0548843427356417e+01 7.7143647302961199e+02</data></Extrinsic_Parameters>
